1522682216.660050000    1 0 0 0   0 1 0 0   0 0 1 0
1522682216.739464000         0.99999 -0.000914258  -0.00446719    0.0415819   0.000905535    0.999998 -0.00195431   0.0110566   0.00446897 0.00195025   0.999988 -0.0291357
1522682216.819223000       0.999994 -0.00273076 -0.00208157   0.0966884    0.00273208    0.999996 0.000631894   0.0772692     0.00207984 -0.000637577     0.999998   -0.0153037
1522682216.900046000        0.99997 -0.00775392  -0.0003117    0.139535     0.00775364      0.99997 -0.000894634    0.0456604   0.000318628  0.00089219           1 -0.00150168
1522682216.980314000       0.999968 -0.00801581 0.000293287    0.177061     0.0080158    0.999968 4.63561e-05    0.104197   -0.000293649 -4.40037e-05            1   0.00596367
1522682217.061022000      0.999943 -0.0105767 0.00147906   0.212912      0.0105778     0.999944 -0.000743476     0.107382   -0.00147111 0.000759078    0.999999    0.015098
1522682217.141276000      0.999894 -0.0145133 0.00109252   0.242541     0.0145142    0.999894 -0.00082809    0.136451   -0.00108039  0.00084386    0.999999   0.0166269
1522682217.221764000      0.999818 -0.0189499 0.00213781   0.275873     0.0189527     0.99982 -0.00129327    0.136195   -0.00211292  0.00133355    0.999997   0.0256696
1522682217.299819000      0.999746 -0.0224634 0.00202436   0.315591     0.0224664    0.999747 -0.00149996    0.166264   -0.00199015  0.00154506    0.999997   0.0271084
1522682217.380327000      0.999618 -0.0275385  0.0023624   0.358349      0.027542    0.999619 -0.00149115    0.155993   -0.00232044  0.00155565    0.999996   0.0307167
1522682217.460715000      0.999453 -0.0329713 0.00253786   0.394417    0.0329755   0.999455 -0.0016446   0.186582   -0.00248225  0.00172739    0.999995   0.0309704
1522682217.541759000      0.999369 -0.0354419 0.00249782   0.437499     0.0354456    0.999371 -0.00144561    0.190196   -0.00244501  0.00153324    0.999996   0.0315542
1522682217.621603000      0.999222 -0.0393976 0.00152705   0.486895     0.0394013     0.99922 -0.00246475    0.232134   -0.00142876  0.00252301    0.999996   0.0268896
1522682217.700120000      0.998999 -0.0446574 0.00274888   0.534108     0.0446618    0.999001 -0.00156935    0.237872   -0.00267605  0.00169055    0.999995   0.0336643
1522682217.781260000       0.998734  -0.0503043 0.000741462    0.581022     0.0503066    0.998728 -0.00352811    0.274211   -0.00056304  0.00356094    0.999994   0.0250957
1522682217.861829000      0.998514 -0.0544606 0.00179347   0.635078     0.0544655    0.998511 -0.00285109    0.291964   -0.00163553  0.00294453    0.999994    0.030174
1522682217.940272000       0.998195  -0.0600567 0.000143641    0.686486     0.0600568    0.998186 -0.00429665    0.332624   0.000114662  0.00429752    0.999991   0.0226581
1522682218.020471000      0.997803 -0.0662422 0.00100459   0.740211     0.0662457    0.997795 -0.00403823    0.338472   -0.000734876   0.00409591     0.999991    0.0260717
1522682218.101035000       0.997391  -0.0721829 0.000525809    0.797798     0.0721844    0.997382 -0.00419771    0.379455   -0.00022143  0.00422471    0.999991   0.0244146
1522682218.181152000      0.996873 -0.0789946 0.00219887   0.859733     0.0790038    0.996864 -0.00447199    0.390906   -0.00183871  0.00463173    0.999988   0.0342882
1522682218.260756000       0.996383  -0.0849772 0.000660389      0.9165    0.0849793   0.996373 -0.0043851   0.438365   -0.00028536  0.00442536     0.99999   0.0244875
1522682218.341528000      0.995783 -0.0917152 0.00224787   0.981391     0.0917239    0.995776 -0.00415438    0.461761   -0.00185735  0.00434304    0.999989    0.034097
1522682218.420799000      0.995187 -0.0979889 0.00123959    1.04348    0.0979934   0.995177 -0.0044083   0.512813   -0.000801651   0.00450855      0.99999    0.0265145
1522682218.501554000      0.994538  -0.104363 0.00159964    1.11022      0.104369     0.99453 -0.00411434    0.547824   -0.00116151  0.00425882     0.99999   0.0286888
1522682218.582374000       0.993801   -0.111172 0.000452901     1.17611      0.111173    0.993791 -0.00453193    0.599139   5.37339e-05  0.00455419     0.99999   0.0223999
1522682218.660756000     0.992964 -0.118404 0.0015298   1.24726       0.11841    0.992954 -0.00472512    0.622008   -0.000959551   0.00487302     0.999988    0.0281646
1522682218.741505000        0.99219   -0.124735 0.000588275     1.31755      0.124736    0.992178 -0.00487562    0.674976   2.44866e-05  0.00491092    0.999988   0.0237364
1522682218.820869000     0.991285 -0.131707 0.0025089   1.39377       0.13172    0.991269 -0.00597987    0.701202   -0.0016994 0.00625823   0.999979   0.035612
1522682218.900655000       0.990228   -0.139454 0.000464494     1.46722      0.139455    0.990213 -0.00550531    0.753516   0.000307791  0.00551629    0.999985   0.0218989
1522682218.981098000      0.989116  -0.147071 0.00444573    1.54211      0.147102    0.989092 -0.00767092    0.780397   -0.00326906   0.0082414    0.999961   0.0475498
1522682219.060408000      0.988139  -0.153555 0.00113215    1.61659      0.153559    0.988122 -0.00581392    0.834007   -0.000225944   0.00591882     0.999982     0.026224
1522682219.140991000      0.986934  -0.161012 0.00609828    1.68982     0.161066   0.986895 -0.0097561    0.86843   -0.00444751   0.0106109    0.999934   0.0584133
1522682219.221361000      0.985371  -0.170409 0.00211075    1.76756       0.17042    0.985345 -0.00716281    0.910911   -0.000859212   0.00741774     0.999972    0.0321624
1522682219.302683000      0.984042  -0.177832 0.00609617    1.84214     0.177886   0.983999 -0.0100884   0.957733   -0.00420459   0.0110118     0.99993    0.056054
1522682219.380902000       0.98286  -0.184349 0.00117592    1.92258      0.184352    0.982832 -0.00744733     1.01666   0.000217179  0.00753647    0.999972    0.024055
1522682219.459271000      0.981308  -0.192417 0.00320872    2.00142      0.192437    0.981278 -0.00787398     1.06189   -0.00163356  0.00834427    0.999964   0.0341181
1522682219.540573000      0.979535  -0.201273 0.00109121    2.07909      0.201276    0.979513 -0.00651239     1.11049   0.00024191 0.00659874   0.999978  0.0217791
1522682219.619928000      0.978071  -0.208264 0.00186667     2.1585      0.208272     0.97805 -0.00636915     1.16193   -0.00049923  0.00661825    0.999978   0.0236593
1522682219.700332000     0.976294 -0.216441 0.0017361   2.23591      0.216448    0.976263 -0.00781853     1.21559   -2.64298e-06   0.00800896     0.999968    0.0227226
1522682219.781532000      0.974558  -0.224117 0.00281724    2.30847      0.224132    0.974529 -0.00762819     1.26211   -0.00103587  0.00806554    0.999967   0.0275299
1522682219.859987000      0.972653  -0.232248 0.00259411    2.38328      0.232262    0.972614 -0.00877543     1.32051   -0.000484995   0.00913796     0.999958      0.02791
1522682219.938761000      0.970704  -0.240258 0.00302728    2.46365      0.240275    0.970669 -0.00835676     1.36821   -0.000930715   0.00883933      0.99996    0.0291721
1522682220.021212000      0.968658  -0.248393 0.00131884    2.54039      0.248395    0.968617 -0.00895393     1.42487   0.000946644  0.00900089    0.999959   0.0215082
1522682220.101420000      0.966751  -0.255711 0.00216111    2.61564       0.25572    0.966713 -0.00853964     1.46982   9.45046e-05  0.00880834    0.999961   0.0257793
1522682220.182874000        0.964614    -0.263665 -0.000714682      2.68566       0.26365    0.964584 -0.00807719     1.53367   0.00281904 0.00760295   0.999967 0.00844437
1522682220.262539000      0.962524  -0.271193 0.00129398    2.76138      0.271194    0.962487 -0.00853536     1.58069   0.00106928 0.00856641   0.999963   0.018781
1522682220.341120000       0.959971   -0.280098 0.000386342     2.83081      0.280092    0.959937 -0.00828333     1.64545   0.00194928 0.00805997   0.999966  0.0158097
1522682220.422757000      0.957607  -0.288066 0.00266298    2.90442      0.288079    0.957568 -0.00864644     1.69266   -5.92372e-05   0.00904703     0.999959    0.0283609
1522682220.503055000     0.955362 -0.295432 0.0020611   2.97682      0.295439    0.955321 -0.00881499     1.76265   0.000635223  0.00903043    0.999959   0.0273087
1522682220.582793000      0.953007  -0.302926 0.00377138    3.04909      0.302949    0.952964 -0.00902977     1.81416   -0.000858641   0.00974796     0.999952    0.0348153
1522682220.661718000      0.946913  -0.321477 0.00270114    3.31582     0.321482   0.946806 -0.0144489    1.41347   0.00208754  0.0145502   0.999892 -0.0717451
1522682220.742180000      0.947648  -0.319278 0.00504928    3.19644      0.319312    0.947605 -0.00918871     1.92303   -0.00185097     0.01032    0.999945   0.0395384
1522682220.822920000      0.945115  -0.326717 0.00376246    3.26616    0.326738  0.945068 -0.009415   1.99212   -0.000479744    0.0101276     0.999949    0.0340226
1522682220.901180000      0.942564  -0.333983 0.00532727    3.33525      0.334019    0.942522 -0.00915095     2.05177   -0.00196481   0.0104048    0.999944   0.0405216
1522682220.981864000      0.939794  -0.341711 0.00445896    3.40927      0.341739     0.93975 -0.00924592     2.11512   -0.00103087   0.0102131    0.999947   0.0337867
1522682221.063248000        0.9366  -0.350337 0.00662835    3.47884      0.350387    0.936559 -0.00924878     2.17009   -0.00296765   0.0109849    0.999935   0.0449353
1522682221.141428000      0.933576  -0.358335 0.00568103    3.54766      0.358375     0.93353 -0.00943463     2.24215   -0.00192265   0.0108439    0.999939   0.0391309
1522682221.222813000      0.930275  -0.366791 0.00723309    3.62301      0.366846    0.930238 -0.00905672     2.30023   -0.00340657   0.0110787    0.999933   0.0440347
1522682221.300174000      0.927236  -0.374431 0.00586964    3.69384      0.374472    0.927191 -0.00935637     2.37331   -0.00193896   0.0108736    0.999939   0.0359525
1522682221.382736000      0.924209  -0.381828 0.00675322    3.76134      0.381878    0.924167 -0.00923844     2.44159   -0.00271361   0.0111172    0.999934   0.0374284
1522682221.461120000      0.920729  -0.390168 0.00509437      3.825        0.3902    0.920685 -0.00908232     2.51631   -0.00114668   0.0103502    0.999946   0.0281207
1522682221.540410000      0.917379  -0.397957 0.00673259    3.89067      0.398006    0.917337 -0.00913442     2.57472   -0.00254095   0.0110593    0.999936   0.0334838
1522682221.621037000      0.913817  -0.406097 0.00483068    3.95495      0.406125    0.913773 -0.00904623      2.6477   -0.0007405  0.0102285   0.999947  0.0248046
1522682221.701712000      0.910467  -0.413541 0.00587776    4.01557      0.413578    0.910432 -0.00818007     2.70828   -0.00196851  0.00987859    0.999949   0.0258627
1522682221.780856000      0.906893  -0.421329 0.00526281    4.09138       0.42136    0.906848 -0.00904433     2.77878   -0.000961932    0.0104198     0.999945     0.025009
1522682221.862609000      0.903583  -0.428333 0.00827076    4.15929      0.428398    0.903547 -0.00889147     2.83481   -0.0036645  0.0115773   0.999926  0.0386725
1522682221.941757000      0.900011  -0.435811 0.00695326    4.21851      0.435859    0.899974 -0.00863453       2.911   -0.00249473   0.0108018    0.999939   0.0332626
1522682222.022466000     0.896508 -0.442892 0.0109453   4.27523      0.442984    0.896493 -0.00811938     2.97234   -0.00621638   0.0121277    0.999907   0.0550717
1522682222.103279000       0.89302  -0.449947 0.00796592    4.33955      0.450006    0.892986 -0.00845078     3.04447   -0.00331105   0.0111314    0.999933   0.0378894
1522682222.184092000     0.889231 -0.457299 0.0120827   4.39056      0.457406    0.889219 -0.00831203     3.10424   -0.00694309    0.012918    0.999892    0.057927
1522682222.262107000      0.885718  -0.464137 0.00895116    4.44947      0.464208    0.885681 -0.00892644     3.18333   -0.00378479   0.0120615     0.99992    0.037142
1522682222.343243000     0.881612 -0.471797 0.0129338   4.50255      0.471912     0.88161 -0.00788519     3.24377   -0.00768236   0.0130553    0.999885   0.0572081
1522682222.421804000     0.877755 -0.478992 0.0106172   4.56654       0.47908    0.877732 -0.00831318     3.31606   -0.00533711   0.0123834    0.999909   0.0398036
1522682222.502682000     0.873662 -0.486283 0.0156077    4.6207      0.486427    0.873692 -0.00712286     3.37717   -0.0101726   0.013815   0.999853  0.0649196
1522682222.583187000     0.869489 -0.493789 0.0126737   4.68281      0.493896     0.86949 -0.00730792     3.45321   -0.00741105   0.0126136    0.999893   0.0468444
1522682222.663417000       0.8654 -0.500818 0.0162791   4.73195      0.500963    0.865446 -0.00625356     3.51938   -0.0109568   0.013567   0.999848  0.0636493
1522682222.743942000     0.861032 -0.508361 0.0138959   4.79062      0.508481    0.861045 -0.00698383     3.59641   -0.00841471   0.0130791    0.999879   0.0487638
1522682222.823057000     0.856324 -0.516212 0.0153347   4.84539      0.516336    0.856369 -0.00541301     3.66405   -0.0103379  0.0125531   0.999868  0.0526032
1522682222.900396000     0.851681 -0.523867 0.0142352   4.90006     0.523984   0.851707 -0.0060269    3.74356   -0.0089669   0.012592    0.99988  0.0498733
1522682222.982919000     0.847461 -0.530599  0.016584   4.96347      0.530739    0.847519 -0.00529797     3.81647   -0.0112441  0.0132916   0.999848    0.05222
1522682223.063372000     0.842541 -0.538448 0.0140855   5.00517     0.538564   0.842563 -0.0060622    3.89008   -0.0086037  0.0126936   0.999882  0.0388994
1522682223.142612000      0.833944  -0.551555 -0.0180128    5.24485     0.551588   0.834109 -0.0035472    3.89874     0.0169812 -0.00697749    0.999831  -0.0591066
1522682223.223224000     0.831633 -0.555165 0.0133505   5.11669      0.555284    0.831624 -0.00779131     4.05271   -0.00677712   0.0138928    0.999881   0.0441656
1522682223.304854000     0.828196 -0.560256 0.0142762   5.17928      0.560379     0.82821 -0.00662395     4.13633   -0.00811257    0.013486    0.999876   0.0571264
1522682223.382400000     0.822159 -0.569104 0.0132303   5.22597      0.569219    0.822153 -0.00738868     4.21416   -0.00667242   0.0136056    0.999885   0.0335002
1522682223.465004000     0.817736 -0.575432 0.0136109   5.26266      0.575536    0.817759 -0.00526853     4.29841   -0.00809878   0.0121418    0.999893   0.0396429
1522682223.544313000     0.811653 -0.584017 0.0120088   5.32779       0.58412    0.811624 -0.00835953     4.37956   -0.0048645  0.0137996   0.999893  0.0197713
1522682223.623143000    0.806338  -0.5913 0.013535  5.37073      0.591405    0.806357 -0.00540252      4.4651   -0.00771953   0.0123609    0.999894   0.0325549
1522682223.701582000     0.799922 -0.599989 0.0117537    5.4372      0.600093    0.799875 -0.00942947     4.54722   -0.00374389   0.0145961    0.999886 -0.00209586
1522682223.783629000     0.794705 -0.606842 0.0136782   5.47781      0.606954    0.794714 -0.00609284     4.63515   -0.00717289   0.0131441    0.999888    0.016429
1522682223.863048000     0.788174  -0.61531 0.0132573   5.53728     0.615441   0.788111 -0.0106915    4.71994   -0.00386958   0.0165859    0.999855  -0.0204022
1522682223.945801000     0.782747 -0.622215 0.0124884    5.5809      0.622313    0.782742 -0.00640386     4.81468   -0.00579063   0.0127843    0.999902 -0.00265636
1522682224.021574000     0.774641 -0.632284  0.012133   5.63288      0.632389    0.774602 -0.00871401     4.89744   -0.0038885   0.014423   0.999888  -0.022853
1522682224.104206000     0.769414 -0.638634 0.0122017   5.67071      0.638729    0.769403 -0.00658196      5.0058   -0.00518457   0.0128578    0.999904  -0.0152708
1522682224.183414000      0.762287  -0.647169 0.00951076    5.71762      0.647238    0.762226 -0.00965235     5.08208   -0.00100265   0.0135136    0.999908  -0.0500414
1522682224.262555000     0.755089   -0.6555 0.0127047   5.75687      0.655608    0.755061 -0.00783712     5.17775   -0.00445562    0.014247    0.999889  -0.0203163
1522682224.342793000      0.747072  -0.664681 0.00914337    5.79952     0.664743   0.746996 -0.0106012    5.27006   0.000216346   0.0139979    0.999902  -0.0578883
1522682224.421822000      0.735323  -0.677703 0.00439541    5.69236     0.677276   0.734595 -0.0408374    5.38136   0.0244468 0.0330056  0.999156 -0.224013
1522682224.502329000       0.73156  -0.681712 0.00937225    5.88837     0.681773   0.731443 -0.0132602     5.4693   0.00218437  0.0160904   0.999868 -0.0633556
1522682224.583568000     0.724958   -0.6887 0.0112722   5.90016     0.688792   0.724887 -0.0102435    5.57809   -0.00111635   0.0151903    0.999884  -0.0413336
1522682224.660485000      0.716024  -0.698021 0.00875906    5.95283     0.698071   0.715913 -0.0128808    5.67539   0.00272031  0.0153374   0.999879 -0.0713534
1522682224.744420000     0.708801 -0.705323  0.011011   5.97576    0.705409  0.708729 -0.010085   5.77914   -0.000690654    0.0149156     0.999889   -0.0443786
1522682224.821221000      0.699878  -0.714219 0.00788815    6.02475    0.714257  0.699785 -0.011749   5.87479   0.00287132   0.013857     0.9999 -0.0681085
1522682224.901321000      0.692292  -0.721556 0.00942237    6.04951    0.721616  0.692204 -0.011112   5.97804   0.00149576  0.0144921   0.999894 -0.0594015
1522682224.981883000      0.683117  -0.730269 0.00759371    6.08041     0.730287   0.682979 -0.0148531    6.07897   0.00566039   0.015692   0.999861 -0.0796657
1522682225.063087000      0.674578  -0.738146 0.00922575    6.10925     0.738195   0.674457 -0.0132825    6.17789   0.00358208  0.0157705   0.999869 -0.0674723
1522682225.142392000       0.66596  -0.745954 0.00710759    6.14565     0.745964   0.665831 -0.0143725    6.28957   0.00598879  0.0148735   0.999871 -0.0774985
1522682225.221713000       0.65803  -0.752932 0.00946352    6.16202     0.752983   0.657913 -0.0129105    6.39056   0.00349455  0.0156214   0.999872 -0.0639752
1522682225.302822000      0.648477  -0.761188 0.00843697    6.19555     0.761208   0.648322 -0.0155254    6.49282   0.00634791  0.0164902   0.999844 -0.0797832
1522682225.382729000     0.640838  -0.76761 0.0100383   6.21836     0.767671   0.640729 -0.0121468    6.59042   0.00289219  0.0154903   0.999876 -0.0541353
1522682225.461222000      0.631687  -0.775183 0.00793941     6.2539    0.775198  0.631549 -0.014617   6.69759   0.00631675   0.015388   0.999862 -0.0762626
1522682225.542796000     0.623519 -0.781735 0.0107288   6.26291     0.781805   0.623419 -0.0113391    6.80037   0.00217564   0.015458   0.999878 -0.0509981
1522682225.622325000     0.613898 -0.789341 0.0083447   6.29743     0.789366   0.613776 -0.0134248    6.90062   0.00547497  0.0148285   0.999875 -0.0697927
1522682225.701676000     0.606134 -0.795293 0.0104728   6.31234      0.795362    0.606064 -0.00929362     7.00659   0.00104397  0.0139628   0.999902 -0.0418789
1522682225.779447000      0.596126  -0.802841 0.00888423    6.34037     0.802884    0.59604 -0.0106975    7.11039   0.00329308  0.0135101   0.999903 -0.0551935
1522682225.858871000     0.587252 -0.809317 0.0118334   6.34619      0.809402    0.587216 -0.00670977     7.21243   -0.00151845   0.0135183    0.999907  -0.0226285
1522682225.941252000      0.57672 -0.816876  0.010334   6.37421     0.816938   0.576632 -0.0103548    7.32383    0.0024997  0.0144141   0.999893 -0.0494847
1522682226.022023000     0.568094 -0.822852 0.0135158   6.38125      0.822958    0.568071 -0.00586364      7.4273   -0.00285304    0.014454    0.999892 -0.00770378
1522682226.103631000     0.557537 -0.830074 0.0113575   6.40471      0.830151    0.557459 -0.00947313     7.52989   0.00153209    0.01471   0.999891 -0.0390156
1522682226.180195000     0.548925 -0.835746  0.014492   6.41881     0.835868    0.54889 -0.0066097    7.63611   -0.00243049   0.0157416    0.999873  -0.0154422
1522682226.261092000     0.537607 -0.843095 0.0130146   6.43079      0.843195    0.537557 -0.00737297     7.73935   -0.000779967    0.0149376     0.999888   -0.0243735
1522682226.342382000     0.529115 -0.848409 0.0154822   6.43974      0.848545     0.52909 -0.00597796     7.84697   -0.00311974   0.0163004    0.999862 -0.00909221
1522682226.420066000     0.518562 -0.854946 0.0126424   6.44372      0.855039    0.518521 -0.00662135     7.94855   -0.000894469    0.0142434     0.999898   -0.0212209
1522682226.500457000     0.509444 -0.860378 0.0147231   6.44778      0.860496    0.509438 -0.00448423     8.05567   -0.00364235   0.0149536    0.999882 -0.00443174
1522682226.580994000     0.497706 -0.867249 0.0129621   6.45601      0.867343    0.497685 -0.00504077     8.15667   -0.00207946   0.0137514    0.999903  -0.0109945
1522682226.659464000     0.489083 -0.872116 0.0145228   6.45879      0.872215    0.489121 -0.00103697     8.26756   -0.00619905   0.0131742    0.999894  0.00937213
1522682226.739862000       0.470525   -0.882357 -0.00720313     6.42529    0.882254  0.470298 0.0211348   8.32124   -0.0152608 -0.0162994   0.999751 -0.0898498
1522682226.819127000      0.455201  -0.889866 -0.0305034    6.45339       0.890268     0.455435 -0.000830489      8.46074    0.0146314 -0.0267782   0.999534   -0.26626
1522682226.899315000     0.453546 -0.891159 0.0114919   6.46372       0.891219     0.453574 -0.000199631      8.58496   -0.00503453   0.0103323    0.999934 0.000493618
1522682226.981761000     0.443631 -0.896102 0.0138946    6.4617     0.896171   0.443703 0.00242657    8.69866   -0.00833954   0.0113755    0.999901   0.0186678
1522682227.058320000     0.430889 -0.902326 0.0119568   6.47042      0.902385     0.43093 0.000926102     8.81223   -0.00598819   0.0103906    0.999928  0.00333777
1522682227.140586000     0.420566 -0.907151 0.0142133   6.46324     0.907221   0.420644 0.00289592    8.91837   -0.00860576   0.0116767    0.999895   0.0175678
1522682227.218243000      0.40822 -0.912797 0.0125895   6.44653     0.912854   0.408279 0.00248284    9.02634   -0.00740637   0.0104788    0.999918   0.0125904
1522682227.301169000     0.397531 -0.917431 0.0169889   6.43957     0.917535    0.39764 0.00345728     9.1348   -0.00992727   0.0142135     0.99985   0.0234446
1522682227.377964000     0.382982 -0.923642 0.0145186   6.44683     0.923721   0.383057 0.00268303    9.24439   -0.00803961   0.0123836    0.999891   0.0180165
1522682227.460480000     0.372865 -0.927774 0.0143568   6.43199     0.927849   0.372943 0.00306629    9.35964   -0.00819909   0.0121776    0.999892   0.0159123
1522682227.537852000     0.359869 -0.932896 0.0141246   6.43268     0.932977    0.35993 0.00195737    9.47205   -0.00690988   0.0124735    0.999898  0.00936666
1522682227.618794000      0.34804 -0.937323 0.0171456   6.41231     0.937434   0.348145 0.00347713    9.57888   -0.00922837   0.0148627    0.999847   0.0171948
1522682227.697203000     0.335631 -0.941881 0.0145603    6.3924     0.941964   0.335703 0.00275359    9.69074   -0.0074815  0.0127911    0.99989 0.00936502
1522682227.779842000     0.324421 -0.945759 0.0170414   6.37368     0.945868   0.324529 0.00390512    9.80468   -0.00922374    0.014852    0.999847   0.0146541
1522682227.858869000     0.309791 -0.950693 0.0145482   6.37653     0.950778    0.30986 0.00266658    9.91453   -0.00704299    0.013006    0.999891  0.00795012
1522682227.940058000     0.298297 -0.954302 0.0180959   6.36579      0.95443   0.298409 0.00381617    10.0278   -0.00904175   0.0161329    0.999829   0.0122523
1522682228.016622000     0.285394 -0.958286 0.0154274   6.34416     0.958385   0.285466 0.00258597     10.133   -0.00688208   0.0140473    0.999878  0.00710879
1522682228.101732000      0.27351 -0.961703 0.0178617   6.32303     0.961834   0.273612 0.00347733    10.2414   -0.00823133   0.0162289    0.999834   0.0112608
1522682228.178367000     0.260092 -0.965486 0.0137612   6.29843     0.965568   0.260143 0.00204392    10.3444   -0.00555327   0.0127558    0.999903 0.000437066
1522682228.258199000     0.248028 -0.968652 0.0139846   6.27068     0.968723   0.248109 0.00432075    10.4515    -0.007655  0.0124755   0.999893 0.00932134
1522682228.337035000     0.235324 -0.971817 0.0139214    6.2381    0.971907  0.235362 0.0011342   10.5537   -0.00437881   0.0132634    0.999902  0.00259937
1522682228.416828000     0.224053 -0.974478 0.0139099   6.20404    0.974554  0.224122 0.0036032   10.6707   -0.00662875   0.0127486    0.999897  0.00587261
1522682228.498230000     0.209785 -0.977685 0.0110289   6.17601     0.977739   0.209816 0.00174098    10.7701   -0.00401618   0.0104182    0.999938 -0.00631777
1522682228.579280000     0.197327  -0.98027 0.0115596   6.15088     0.980324   0.197373 0.00294488    10.8807   -0.00516833   0.0107511    0.999929 -0.00281684
1522682228.661010000      0.185012  -0.982703 0.00814348    6.11852     0.982735   0.185018 2.6853e-05    10.9876   -0.00153308  0.00799792    0.999967  -0.0178204
1522682228.741538000     0.173003 -0.984868 0.0102553   6.08905     0.984916   0.173026 0.00142759    11.0935   -0.00318041  0.00985359    0.999946  -0.0107591
1522682228.823456000      0.158992  -0.987258 0.00659047    6.05518        0.98728     0.158991 -0.000719381      11.1947   -0.00033761  0.00662101    0.999978  -0.0242317
1522682228.901952000      0.091609  -0.995298 -0.0314723    6.45052     0.995527  0.0922719 -0.0202964    11.2719     0.023105 -0.0294722   0.999299 -0.0209829
1522682228.984444000      0.135204  -0.990813 0.00300708     5.9922      0.990814    0.135195 -0.00309927     11.4091   0.00266426 0.00339849   0.999991 -0.0368386
1522682229.064545000      0.122487  -0.992451 0.00620202    5.95802        0.99247     0.122485 -0.000684927       11.505   -7.98994e-05   0.00623922     0.999981   -0.0318875
1522682229.146411000      0.101781  -0.994783 0.00679932    6.01709      0.99477   0.101834 0.00789607    11.4854   -0.00854728  0.00596009    0.999946   0.0716587
1522682229.224777000     0.099599 -0.995017  0.004607   5.87364      0.995026   0.0995893 -0.00229545     11.7004    0.0018252 0.00481271   0.999987  -0.046053
1522682229.309069000     0.0863199  -0.996265 0.00212684    5.82903      0.996257   0.0863092 -0.00468355     11.8172    0.0044825 0.00252317   0.999987 -0.0520257
1522682229.388183000     0.0755096  -0.997124 0.00653011    5.78395      0.997139    0.075485 -0.00394157     11.9128   0.00343731 0.00680906   0.999971 -0.0496573
1522682229.468600000     0.0630994   -0.99799 0.00593197    5.74379      0.997987   0.0630596 -0.00666944      12.018   0.00628197 0.00634087    0.99996 -0.0560843
1522682229.547656000     0.0530749  -0.998572 0.00600174    5.69264      0.998587   0.0530578 -0.00296106     12.1177    0.0026384 0.00615042   0.999978 -0.0497922
1522682229.629901000     0.0365198   -0.99929 0.00929024    5.71567     0.999317  0.0365706 0.00535883    12.1929   -0.00569477  0.00908818    0.999942   -0.164975
1522682229.706225000     0.0293544  -0.999545 0.00696668    5.59206      0.999567   0.0293405 -0.00208054     12.3135   0.00187519 0.00702474   0.999974 -0.0544779
1522682229.785249000     0.0167668  -0.999841 0.00609695    5.54891      0.999854    0.016747 -0.00328781     12.4176   0.00318518 0.00615119   0.999976 -0.0527049
1522682229.865015000    0.00494265  -0.999951 0.00858311    5.50904      0.999987   0.0049309 -0.00138974       12.51   0.00134735 0.00858987   0.999962 -0.0546019
1522682229.946104000    -0.00645336   -0.999951  0.00746926     5.45566      0.999976 -0.00647275 -0.00257374     12.6107   0.00262196 0.00745247   0.999969 -0.0481387
1522682230.025263000     -0.018273  -0.999791 0.00922146    5.40306       0.999833   -0.0182797 -0.000641089      12.7092   0.000809521   0.0092082    0.999957  -0.0502071
1522682230.106043000    -0.0307752  -0.999497 0.00767954    5.33999      0.999523  -0.0307943 -0.00237657     12.7957   0.00261186 0.00760273   0.999968 -0.0454184
1522682230.185671000    -0.0424043  -0.999062 0.00881242    5.29295        0.9991  -0.0424136 -0.00086855     12.8972    0.0012415 0.00876766   0.999961  -0.048475
1522682230.266198000     -0.055179  -0.998455 0.00647317    5.23272      0.998472  -0.0551965 -0.00256017     12.9876   0.00291351 0.00632201   0.999976 -0.0454026
1522682230.344870000    -0.0664613   -0.99776 0.00766436    5.17597       0.997788   -0.0664676 -0.000568891       13.085   0.00107705  0.0076096    0.99997 -0.0479886
1522682230.422623000    -0.0783643  -0.996863  0.0110866    5.09654     0.996912 -0.0783027 0.00588297     13.228   -0.0049964  0.0115134   0.999921  0.0484965
1522682230.503715000    -0.0898503  -0.995926 0.00768978    5.06112     0.995955 -0.0898416 0.00146665    13.2709   -0.000769811   0.00779046     0.999969   -0.0309985
1522682230.583380000     -0.103237  -0.994623 0.00815016    5.00568      0.994655    -0.10325 -0.00121813     13.3552   0.00205308 0.00798084   0.999966 -0.0374807
1522682230.664868000     -0.114323  -0.993395 0.00986171    4.95014     0.993444  -0.114314 0.00144751    13.4501   -0.000310615   0.00996253      0.99995   -0.0282612
1522682230.744303000     -0.128213  -0.991706 0.00902203    4.87575       0.991745    -0.128221 -0.000338628      13.5267   0.00149264 0.00890414   0.999959 -0.0322345
1522682230.823340000    -0.138965 -0.990244 0.0103047   4.82816     0.990297   -0.13895 0.00209661    13.6186   -0.000644316     0.010496     0.999945   -0.0221394
1522682230.902815000     -0.151855  -0.988363 0.00891069     4.7503      0.988401   -0.151863 -0.00025447     13.7046   0.00160472  0.0087687    0.99996 -0.0261365
1522682230.983258000     -0.162195  -0.986711 0.00973642     4.6883     0.986759  -0.162185 0.00177585    13.7866   -0.000173149   0.00989553     0.999951   -0.0193625
1522682231.063878000     -0.167152  -0.985883 0.00975752    4.70706    0.985657 -0.166864 0.0252124   13.8152   -0.0232283  0.0138319   0.999634   0.107295
1522682231.143031000     -0.185779  -0.982561 0.00778094    4.57239     0.982588  -0.185751 0.00418456    13.9641   -0.00266627  0.00842286    0.999961  -0.0107917
1522682231.221418000     -0.197683  -0.980244 0.00657354    4.50301     0.980266  -0.197673 0.00216232    14.0424   -0.000820188   0.00687127     0.999976   -0.0109763
1522682231.302486000     -0.207767  -0.978153 0.00708729     4.4376     0.978176  -0.207746 0.00356977    14.1278   -0.00201942   0.0076743    0.999969 -0.00934349
1522682231.384764000     -0.219536  -0.975575 0.00757702    4.35933     0.975604  -0.219531 0.00153695    14.2003    0.00016398  0.00772959     0.99997 -0.00550618
1522682231.463161000    -0.229009   -0.9734 0.0068055   4.31178     0.973423  -0.228991 0.00336791    14.2887   -0.00171993  0.00739591    0.999971 -0.00396804
1522682231.544585000     -0.240209  -0.970687 0.00810463    4.22089     0.970721  -0.240204 0.00159416    14.3684    0.000399331   0.00825026     0.999966 -0.000464839
1522682231.623333000      -0.25141   -0.96784 0.00888396    4.16931     0.967878  -0.251378 0.00462903    14.4407   -0.00224693  0.00976237     0.99995  0.00609798
1522682231.703763000     -0.261088  -0.965271 0.00922515    4.08178     0.965315  -0.261073 0.00279549    14.5292   -0.00028996  0.00963504    0.999954   0.0053066
1522682231.784917000     -0.272036  -0.962251 0.00835994    4.04421     0.962285  -0.272006 0.00457935    14.6098   -0.00213253   0.0092904    0.999955  0.00962526
1522682231.864838000      -0.28232  -0.959279 0.00888923    3.95345      0.95932  -0.282309 0.00245743    14.6908   0.000152149   0.0092214    0.999957  0.00987258
1522682231.946370000    -0.292735 -0.956136 0.0104585   3.88574    0.956193 -0.292702 0.0045488   14.7643   -0.00128806   0.0113319    0.999935   0.0197661
1522682232.024809000      -0.30434  -0.952511 0.00993703    3.80993     0.952563  -0.304336 0.00192719    14.8528   0.00118853  0.0100522   0.999949 0.00877207
1522682232.105491000     -0.31321 -0.949613 0.0115709   3.74375     0.949684  -0.313181 0.00430161    14.9209   -0.000461068    0.0123361     0.999924    0.0181895
1522682232.186169000    -0.323662 -0.946099 0.0118414   3.66059     0.946173  -0.323645 0.00339117     15.007   0.000624023   0.0123016    0.999924   0.0201754
1522682232.264866000    -0.334193 -0.942426 0.0121839   3.60436     0.942504  -0.334146 0.00573859    15.0772   -0.00133699   0.0134012    0.999909   0.0293069
1522682232.345382000    -0.344823   -0.9386 0.0112354   3.51834     0.938667  -0.344807 0.00340216    15.1618   0.000680772   0.0117194    0.999931   0.0222824
1522682232.425436000     -0.35554  -0.93459 0.0115029   3.45412     0.934661  -0.355512 0.00449241     15.235   -0.000109148    0.0123485     0.999924    0.0253031
1522682232.505895000    -0.366021 -0.930544 0.0107574   3.37068     0.930606  -0.366006 0.00336833    15.3121   0.000802892   0.0112438    0.999936   0.0217394
1522682232.588332000    -0.375743 -0.926655 0.0112664   3.29823     0.926724  -0.375707 0.00528207    15.3785   -0.000661776    0.0124256     0.999923    0.0254845
1522682232.664910000    -0.386572 -0.922199 0.0105452   3.21328     0.922259  -0.386549 0.00418153    15.4632   0.000220041   0.0113419    0.999936   0.0295886
1522682232.747448000    -0.397638 -0.917471 0.0114768   3.13955     0.917542   -0.39759 0.00628312    15.5357   -0.00120151   0.0130289    0.999914   0.0280197
1522682232.825913000    -0.407789 -0.913005 0.0114275   3.04511     0.913076  -0.407756 0.00519493    15.6062   -8.33455e-05    0.0125527     0.999921    0.0301499
1522682232.904699000    -0.419351 -0.907733 0.0128807   2.97064     0.907821  -0.419269 0.00862556    15.6748   -0.00242922   0.0153105     0.99988   0.0247714
1522682232.985176000    -0.428328 -0.903548 0.0116385   2.87595     0.903623   -0.42828 0.00649037    15.7465   -0.000879823    0.0132969     0.999911    0.0301217
1522682233.066369000     -0.43922 -0.898299 0.0119934   2.81459    0.898375 -0.439138  0.008909   15.8217   -0.00273619   0.0146876    0.999888   0.0237604
1522682233.145607000    -0.448799 -0.893548 0.0123277   2.71338     0.893632  -0.448733 0.00777884     15.896   -0.00141889   0.0145076    0.999894   0.0328155
1522682233.226126000    -0.459741 -0.887969 0.0122018   2.64813      0.88805  -0.459657 0.00913459    15.9686   -0.00250261   0.0150353    0.999884   0.0200728
1522682233.306629000    -0.469607 -0.882809  0.010807   2.54058    0.882874 -0.469553 0.0072514    16.033   -0.00132716   0.0129465    0.999915   0.0204338
1522682233.386565000     -0.480489  -0.876949 0.00948342    2.46826    0.876995 -0.480419 0.0087853   16.1033   -0.00314824   0.0125381    0.999916   0.0194227
1522682233.465018000     -0.489878  -0.871739 0.00954986    2.36052      0.87179  -0.489835 0.00660543    16.1723   -0.00108035   0.0115613    0.999933   0.0162999
1522682233.547824000     -0.499908  -0.866051 0.00686967    2.28916     0.866071  -0.499855 0.00815884    16.2388   -0.00363214   0.0100283    0.999943   0.0146352
1522682233.627165000    -0.515407 -0.856531 0.0266386   2.35036    0.856487 -0.513867 0.0486868   16.2711   -0.0280131  0.0479092   0.998459  0.0312032
1522682233.709693000     -0.520418  -0.853878 0.00752631    2.11302    0.853899 -0.520341  0.010127   16.3667   -0.00473095    0.011697     0.99992  0.00458004
1522682233.786363000     -0.530815  -0.847463 0.00648461    2.00606      0.84748  -0.530763 0.00827205    16.4228   -0.00356847  0.00988651    0.999945  0.00215515
1522682233.869777000      -0.53984  -0.841736 0.00732555    1.92308    0.841752 -0.539755 0.0108956   16.5063   -0.00521718   0.0120482    0.999914  0.00122067
1522682233.948348000     -0.549325  -0.835584 0.00640475    1.81743     0.835598  -0.549263 0.00926454    16.5306   -0.00422341    0.010441    0.999937  0.00333182
1522682234.033036000     -0.559414  -0.828866 0.00618397    1.72294    0.828865 -0.559325 0.0117646     16.63    -0.0062924   0.0117069    0.999912 -0.00537611
1522682234.111589000     -0.569173  -0.822194 0.00630199    1.62931     0.822205  -0.569104 0.00999835    16.6682   -0.00463409   0.0108723     0.99993 -0.00727132
1522682234.194015000     -0.577765  -0.816183 0.00568054    1.53747    0.816164 -0.577656 0.0137829    16.742   -0.00796794   0.0125995    0.999889 -0.00315709
1522682234.276851000      -0.58781  -0.808977 0.00587284    1.43136    0.808976 -0.587723 0.0118529   16.7828   -0.00613711   0.0117182    0.999913 -0.00701896
1522682234.354509000     -0.596113  -0.802881 0.00563637    1.33822     0.80284 -0.595966 0.0165245   16.8439   -0.0099081  0.0143755   0.999848  0.0115099
1522682234.430921000     -0.606349  -0.795183 0.00501145    1.22742    0.795149 -0.606229 0.0149714   16.8957   -0.00886689   0.0130627    0.999875  0.00818203
1522682234.511605000     -0.615656  -0.787997 0.00530594    1.14707    0.787952 -0.615508  0.016752   16.9759   -0.00993472   0.0144943    0.999846 -0.00204576
1522682234.592160000     -0.623651  -0.781689 0.00462689     1.0249    0.781648 -0.623526 0.0155352   16.9801   -0.00925871   0.0133051    0.999869  0.00929924
1522682234.670540000     -0.632223  -0.774774 0.00432049   0.933335    0.774721 -0.632087 0.0165207   17.0509   -0.0100689  0.0137919   0.999854 0.00820244
1522682234.750910000     -0.641365  -0.767225 0.00401034   0.823299    0.767193 -0.641265 0.0139127   17.0862   -0.00810252   0.0119999    0.999895  0.00560124
1522682234.833609000     -0.643493  -0.765451 0.00124943   0.480973      0.765415   -0.643477 -0.00878327     16.7043    0.00752714 -0.00469564    0.999961   0.0298844
1522682234.912013000      -0.65986  -0.751377 0.00413735   0.618944    0.751361 -0.659779 0.0121569    17.175   -0.00640471   0.0111305    0.999918  0.00966206
1522682234.990312000     -0.667619  -0.744489 0.00449719   0.521897    0.744463 -0.667509 0.0143843   17.2192   -0.00770701   0.0129512    0.999886   0.0102297
1522682235.073711000     -0.676531   -0.73638 0.00712326   0.400601    0.736403 -0.676434 0.0121818   17.2454     -0.004152   0.0134869      0.9999 -0.00823907
1522682235.152041000     -0.684953  -0.728572 0.00465454    0.31583    0.728544 -0.684829 0.0152386    17.312   -0.00791488   0.0138288    0.999873   0.0123855
1522682235.232355000     -0.693224  -0.720669 0.00873134   0.194121    0.720707 -0.693081 0.0148392   17.3451   -0.00464261   0.0165796    0.999852   0.0156755
1522682235.313517000     -0.701926  -0.712229 0.00543225   0.103336    0.712215 -0.701796 0.0152393    17.401   -0.00704153   0.0145658    0.999869  0.00536485
1522682235.393733000     -0.709579  -0.704559 0.00971621 -0.0291918    0.704613 -0.709415 0.0158271   17.4098   -0.00425831   0.0180768    0.999828   0.0234071
1522682235.473992000     -0.718183  -0.695811 0.00769766  -0.107407    0.695826 -0.718011 0.0169053   17.4857   -0.00623593   0.0174974    0.999827   0.0221697
1522682235.553831000    -0.725636 -0.688004 0.0101904 -0.242675    0.688072 -0.725483 0.0152034   17.4901   -0.00306707   0.0180439    0.999833   0.0229244
1522682235.633915000     -0.733042  -0.680125 0.00886491  -0.327342    0.680161 -0.732851 0.0176143   17.5311   -0.00548329   0.0189416    0.999806   0.0380585
1522682235.714292000     -0.74104 -0.671383 0.0101894 -0.445322    0.671455  -0.74089 0.0151505   17.5546   -0.00262255   0.0180689    0.999833   0.0292257
1522682235.795536000    -0.748701 -0.662832 0.0100117 -0.530992    0.662899 -0.748525 0.0166156   17.6128   -0.00351939   0.0190768    0.999812   0.0330604
1522682235.873811000    -0.755564 -0.654973 0.0115164 -0.664379    0.655074 -0.755473 0.0117708   17.6118    0.00099079   0.0164377    0.999864 -0.00478683
1522682235.954110000    -0.762984 -0.646315 0.0114725 -0.745031    0.646417 -0.762872 0.0131116   17.6653   0.000277829     0.01742    0.999848   0.0068264
1522682236.030851000      -0.764988   -0.643989 -0.00848131   -0.722525    0.643095 -0.764509 0.0442053   17.7773   -0.0349518  0.0283622   0.998987   0.449453
1522682236.114521000    -0.777926 -0.628242 0.0119318 -0.958273     0.628347  -0.777876 0.00944715    17.7357   0.00334633  0.0148465   0.999884 -0.0224056
1522682236.190797000    -0.784458 -0.620068 0.0119336  -1.11168     0.620166  -0.784432 0.00782118    17.7165    0.00451144   0.0135362    0.999898 -0.00375602
